4913064
35005045
10554308
1007305
27614904
1084336
6082808
25862578
34942789
35335514
1770782
4820710
30441551
6781808
4760224
35283396
35031587
34799583
4908885
6518605
10594787
2567698
30475767
35143790
35080870
30254298
26954760
11524204
27608412
1200840
27170951
35023731
35005062
3211779
1008145
1068920
26877752
10564071
26362836
1858513
34978587
3608208
34937627
26425831
24257229
26878124
27002046
10517238
3674537
2035179
27116235
26879778
1043815
1057244
6953273
34434309
35081921
35250412
3633461
34949694
35089547
35083558
1322455
35272698
26698660
1449351
1083428
25924253
35166649
6789605
1085860
1089243
4011670
35216559
35315153
27104286
3066477
27198567
1046265
26923390
4913064
10554308
35005045
1007305
35335514
27614904
1084336
6082808
25862578
1770782
35283396
4820710
6781808
4760224
6518605
4908885
10594787
2567698
35143790
35031587
30475767
30254298
26954760
11524204
27608412
35080870
34799583
1200840
27170951
34942789
3211779
1008145
1068920
10564071
30441551
35315153
26425831
26877752
26362836
26878124
1858513
24257229
27002046
27116235
3608208
2035179
10517238
3674537
1043815
35005062
34978587
26879778
35197299
1057244
34434309
3633461
35250412
6953273
35272698
1085860
1322455
6789605
1089243
35275524
3066477
1449351
26698660
25924253
4011670
1083428
27104286
35023731
26864984
25890348
26382433
3646172
26923390
1254588
1046265
34949694
